01111111
10000010
10000100
10001000
10010000
10100000
11000000
10000000

01111111
10001000
10010000
10100000
11000000
10000000
10000000
10000000

01111111
10100000
11000000
10000000
10000000
10000000
10000000
10000000

01111111
10000000
10000000
10000000
10000000
10000000
10000000
10000000

00111111
00111111
11000000
11000000
11000000
11000000
11000000
11000000

00111111
00111110
11000001
11000000
11000000
11000000
11000000
10100000

00111111
00111110
11000000
11000000
11000000
11000000
11000000
10000000

00111111
00111100
11000001
11000010
11000000
11000000
10010000
10100000

00111111
00111100
11000010
11000000
11000000
11000000
10100000
10000000

00111111
00111100
11000000
11000000
11000000
11000000
10000001
10000010

00111111
00111100
11000000
11000000
11000000
11000000
10000000
10000000

00111111
00111000
11000001
11000010
11000100
10001000
10010000
10100000

00111111
00111000
11000010
11000100
11000000
10010000
10100000
10000000

00111111
00111000
11000001
11000000
11000000
10000010
10000100
10100000

01101111
10010001
10010010
01100000
10000100
10001000
10100000
11000000

00111111
00111000
11000100
11000000
11000000
10100000
10000000
10000000

01101111
10010100
10011000
01100000
10100000
11000000
10000000
10000000

00111111
00111000
11000000
11000000
11000000
10000010
10000100
10000000

01011111
10100010
01010000
10100000
10000100
10001000
11000000
10000000

01111110
10100001
11000000
10000010
10000100
10001000
10010000
01000000

00111111
00111000
11000000
11000000
11000000
10000000
10000000
10000000

01011111
10101000
01010000
10100000
11000000
10000000
10000000
10000000

01111011
10100100
11000000
10001000
10010000
01000000
10000000
10000000

01101111
10110000
11000000
01000000
10000000
10000000
10000000
10000000

00111111
00110000
11000000
11000000
10000001
10000010
10000100
10001000

00111111
00110000
11000000
11000000
10000100
10001000
10000000
10000000

01111101
10000010
10000100
10001000
10010000
10100000
01000000
10000000

00111111
00110000
11000000
11000000
10000000
10000000
10000000
10000000

01110111
10001000
10010000
10100000
01000000
10000000
10000000
10000000

01011111
10100000
01000000
10000000
10000000
10000000
10000000
10000000

00011111
00011111
00011111
11100000
11100000
11100000
11100000
11100000

00011111
00011111
00011110
11100000
11100000
11100000
11100000
11000000

00101111
00111110
11010001
01100000
11000000
11000000
11000000
10100000

00011111
00011111
00011100
11100000
11100000
11100000
11000000
11000000

00011111
00111011
01001100
11000100
11100000
10110000
11000000
11000000

00011111
00111110
01010001
11100000
11000000
11000000
11000000
10100000

00110111
00110111
11001000
11001000
00110000
11000000
11000000
11000000

00110111
00111110
11000001
11001000
01010000
11000000
11000000
10100000

00101111
00111110
11010000
01100000
11000000
11000000
11000000
10000000

00111110
00111110
11000001
11000000
11000000
11000000
11000000
00100000

00011111
00111110
01000001
11000000
11000000
11000000
11000000
10100000

00111101
00111110
11000000
11000000
11000000
11000000
01000000
10000000

00011111
00011110
00011110
11100001
11100000
11100000
11100000
10010000

00011111
00011101
00011110
11100000
11100000
11100000
10100001
11000010

00011111
00110011
01011100
11100000
10100001
10100010
11000100
11001000

00011111
00011110
00011110
11100000
11100000
11100000
11100000
10000000

00011111
00011101
00011110
11100000
11100000
11100000
10100000
11000000

00011111
00110101
01011010
11100000
10100100
11001000
10100000
11000000

00101111
00101110
11010001
00101100
11010000
11010000
11000000
10100000

00101111
00111010
11010001
01100100
11000100
10011000
11000000
10100000

01100111
10011001
10011010
01100100
01100100
10011000
10100000
11000000

00011111
00110011
01011100
11100000
10100000
10100000
11000000
11000000

00101111
00111100
11010001
01100010
11000000
11000000
10010000
10100000

00110111
00110110
11001001
11001000
00110000
11000000
11000000
10100000

00110111
00111100
11001010
11000001
01100000
11000000
10100000
10010000

01100111
10011001
10011010
01100100
01100000
10010000
10100000
11000000

00101111
00111100
11010010
01100000
11000000
11000000
10100000
10000000

01100111
10011010
10011100
01100000
01100000
10100000
11000000
10000000

00111110
00111100
11000011
11000000
11000000
11000000
10100000
00100000

00011111
00011101
00011010
11100000
11100000
11000010
10100100
11000000

00011111
00111001
01000110
11000010
11000100
10101000
10110000
11000000

00011111
00011110
00011100
11100000
11100000
11100000
11000001
10000010

00011111
00111100
01000110
11000010
11000001
11100000
10110000
10001000

01001111
10110001
01001010
01001100
10110000
10010010
10100100
11000000

00011111
00011110
00011100
11100000
11100000
11100000
11000000
10000000

00011111
00111010
01001100
11000100
11100000
10110000
11000000
10000000

01001111
10110010
01001100
01001100
10110000
10110000
11000000
10000000

01001111
10110010
01010100
01101000
10010100
10101000
11000000
10000000

00011111
00011110
00011001
11100000
11100000
11000000
11000000
10100000

00011111
00110110
01001001
11001000
10110000
11000000
11000000
10100000

00011111
00110110
01011000
11100000
10100001
11000000
11000000
10001000

00011111
00111100
01010010
11100000
11000001
11000000
10100000
10001000

01001111
10110001
01001010
01001100
10110000
10010000
10100000
11000000

01001111
10110001
01011000
01100100
10100010
10010000
10001000
11000000

00111011
00110011
11000100
11001000
10010100
00101000
11000000
11000000

00111011
00111010
11000100
11000100
11000001
00110000
11000000
10001000

00111011
00110110
11001000
11000001
10100100
01001000
11000000
10010000

00111011
00111100
11000001
11000010
11000100
01001000
10010000
10100000

01011011
10100101
01010010
10101000
10010100
01001000
10100000
11000000

01011011
10100101
01011000
10100100
10100010
01010000
10001000
11000000

00011111
00111100
01010010
11100000
11000000
11000000
10100000
10000000

01001111
10110010
01010100
01101000
10010000
10100000
11000000
10000000

00110111
00110110
11001000
11001000
00110000
11000000
11000000
10000000

00110111
00101110
11010000
10101000
01010000
11000000
11000000
10000000

00110111
00111100
11000010
11001000
01010000
11000000
10100000
10000000

01010111
10101010
01010100
10101000
01010000
10100000
11000000
10000000

01010111
10101100
01011000
10100010
01100000
11000000
10010000
10000000

01110011
10001110
10010100
10101000
01010000
01100000
11000000
10000000

00111110
00101110
11010000
10100001
11000000
11000000
11000000
00010000

00111110
00111100
11000001
11000010
11000000
11000000
10010000
00100000

00111110
00111001
11000010
11000100
11000000
10010000
10100000
01000000

01011110
10100101
01011000
10100010
10100000
11000000
10010000
01000000

00011111
00111100
01000011
11000000
11000000
11000000
10100000
10100000

00101111
00101110
11010000
00100001
11000000
11000000
11000000
10010000

00101111
00011110
10010001
01100000
11000000
11000000
11000000
10100000

00101111
00111100
11000001
01000010
11000000
11000000
10010000
10100000

00101111
00111100
11010000
01100000
11000000
11000000
10000001
10000010

01001111
10110001
01001100
01000010
10100000
10100000
10010000
11000000

01001111
10110100
01011000
01100000
10100000
11000000
10000001
10000010

01100111
10011100
10011000
01100000
01100000
11000000
10000001
10000010

01100111
10011100
10010010
01100000
01000001
11000000
10100000
10001000

00101111
00111100
11010000
01100000
11000000
11000000
10000000
10000000

01001111
10110100
01011000
01100000
10100000
11000000
10000000
10000000

01100111
10011100
10011000
01100000
01100000
11000000
10000000
10000000

00111101
00111100
11000010
11000000
11000000
11000000
00100000
10000000

00111101
00111010
11000100
11000000
11000000
10100000
01000000
10000000

01011101
10100110
01011000
10100000
10100000
11000000
01000000
10000000

01101101
10011010
10010100
01100000
11000000
10100000
01000000
10000000

00011111
00111100
01000010
11000000
11000000
11000000
10100000
10000000

01001111
10111000
01000010
01000100
11000000
10010000
10100000
10000000

01001111
10111000
01010000
01100000
11000000
10000010
10000100
10000000

00111110
00111100
11000000
11000000
11000000
11000000
10000001
00000010

00111110
00111001
11000000
11000000
11000000
10000010
10000100
01000000

01011110
10110001
01000010
11000000
10000100
10001000
10100000
01000000

01001111
10111000
01010000
01100000
11000000
10000000
10000000
10000000

00111011
00111100
11000000
11000000
11000000
01000000
10000000
10000000

01011011
10110100
01001000
11000000
10100000
01000000
10000000
10000000

01111001
10100110
11000000
10001000
10010000
01000000
01000000
10000000

01100111
10111000
11000000
01000000
01000000
10000000
10000000
10000000

00011111
00010011
00011100
11100000
10100001
10100010
11000100
11001000

00011111
00011010
00011100
11100000
11100000
10100010
11000100
10000000

00011111
00100110
01011000
10100010
10100100
11001000
11010000
10000000

00011111
00011100
00011010
11100000
11100000
11000001
10100000
10000100

00011111
00010101
00011010
11100000
10100100
11001000
10100000
11000000

00011111
00101100
01010010
10100100
11000001
11010000
10100000
10001000

00011111
00011100
00011100
11100000
11100000
11100000
10000001
10000010

00011111
00101100
01011000
10100100
11100000
11010000
10000001
10000010

00011111
00101100
01011000
10100001
11100000
11000010
10000100
10010000

00111101
00110001
11000100
11001000
10010010
10100010
00001100
11000000

00111101
00111000
11000010
11000001
11000100
10001010
00100100
10010000

00011111
00011100
00011100
11100000
11100000
11100000
10000000
10000000

00011111
00101100
01011000
10100100
11100000
11010000
10000000
10000000

00011111
00011010
00011100
11100000
11100000
10100000
11000000
10000000

00011111
00101010
01010100
10101000
11010000
10100000
11000000
10000000

00011111
00111000
01010100
11100000
11000010
10100000
10001000
10000000

00111011
00110010
11000100
11001000
10010100
00101000
11000000
10000000

00111011
00111000
11000100
11000100
11000010
00110000
10001000
10000000

00111011
00110100
11001000
11000010
10100100
01001000
10010000
10000000

01111001
10001010
10010010
10100100
11000100
00011000
01100000
10000000

00111110
00110100
11001000
11000010
10100001
11000000
10010000
00001000

00111110
00111000
11000001
11000010
11000100
10001000
10010000
00100000

00011111
00010011
00011100
11100000
10100000
10100000
11000000
11000000

00011111
00110001
01001100
11000010
10100000
10100000
10010000
11000000

00011111
00110100
01011000
11100000
10100000
11000000
10000001
10000010

00110111
00100110
11001000
10001001
00110000
11000000
11000000
10010000

00110111
00100110
11010000
10101000
00010001
11000000
11000000
10001000

00110111
00110100
11001000
11001000
00110000
11000000
10000001
10000010

00110111
00110100
11001000
11000001
00100010
11000000
10001000
10010000

00110111
00101100
11010000
10101000
01010000
11000000
10000001
10000010

00110111
00101100
11000001
10001010
01010000
11000000
10010000
10100000

00110111
00111000
11000001
11000010
01000100
10001000
10010000
10100000

00110111
00111000
11000001
11001000
01010000
10000010
10000100
10100000

01110011
10010100
10001001
11001000
00110000
01000010
10000100
10100000

01110011
10001100
10000101
10001010
01010000
01100000
10010000
10100000

01110011
10001100
10010100
10101000
01010000
01100000
10000001
10000010

00011111
00110100
01011000
11100000
10100000
11000000
10000000
10000000

00110111
00110100
11001000
11001000
00110000
11000000
10000000
10000000

00110111
00101100
11010000
10101000
01010000
11000000
10000000
10000000

00110111
00111000
11000100
11001000
01010000
10100000
10000000
10000000

01110011
10001100
10010100
10101000
01010000
01100000
10000000
10000000

00111101
00101100
11010000
10100010
11000000
11000000
00010000
10000000

00111101
00111000
11000010
11000100
11000000
10010000
00100000
10000000

00111101
00110010
11000100
11001000
10010000
10100000
01000000
10000000

01110101
10011000
10001100
11000010
01100000
10100000
00010000
10000000

00011111
00100110
01011000
10100000
10100000
11000000
11000000
10000000

00101111
00101100
11010000
00100010
11000000
11000000
10010000
10000000

00101111
00011100
10010010
01100000
11000000
11000000
10100000
10000000

00101111
00111000
11000010
01000100
11000000
10010000
10100000
10000000

00101111
00111000
11010000
01100000
11000000
10000010
10000100
10000000

01100111
10011000
10010010
01100000
01000100
10001000
10100000
10000000

01100111
10101000
11010000
00100010
01000100
10001000
10010000
10000000

01100111
10011000
10011000
01100000
01100000
10000010
10000100
10000000

01100111
10101000
11010000
00101000
01010000
10000010
10000100
10000000

01100111
10001010
10010100
00101000
01010000
10100000
11000000
10000000

00111110
00011100
10000011
11000000
11000000
11000000
10100000
00100000

00111110
00111000
11000001
11000000
11000000
10000010
10000100
00100000

00111110
00111000
11000010
11000000
11000000
10000001
10100000
00000100

00111110
00110001
11000010
11000000
10000100
10001000
10100000
01000000

01101110
10110000
11000001
01001000
10010000
10000010
10000100
00100000

01101110
10010010
10000101
01001000
10010000
10100000
11000000
00100000

01101110
10010001
10010010
01100000
10000100
10001000
10100000
01000000

01101110
10010010
10010100
01100000
10000001
10100000
11000000
00001000

00101111
00111000
11010000
01100000
11000000
10000000
10000000
10000000

01100111
10011000
10011000
01100000
01100000
10000000
10000000
10000000

01100111
10101000
11010000
00101000
01010000
10000000
10000000
10000000

00111011
00111000
11000100
11000000
11000000
00100000
10000000
10000000

00111011
00110100
11001000
11000000
10100000
01000000
10000000
10000000

01101011
10110000
11000100
01001000
10010000
00100000
10000000
10000000

01101011
10010100
10011000
01100000
10100000
01000000
10000000
10000000

01111001
10001010
10010100
10100000
11000000
00100000
01000000
10000000

01111001
10100010
11000100
10001000
10010000
00100000
01000000
10000000

01100111
10101000
11010000
00100000
01000000
10000000
10000000
10000000

00011111
00011100
00000011
11000000
11000000
11000000
10100000
10100000

00011111
00111000
01000001
11000000
11000000
10000010
10000100
10100000

01001111
10100001
01000010
00001100
10010000
10010000
10100000
11000000

01001111
10110000
01000100
01001000
10010000
10100000
10000001
10000010

01001111
10100100
01010000
00101000
10010000
11000000
10000001
10000010

01001111
10110000
01010000
01100000
10000001
10000010
10000100
10001000

00011111
00111000
01000100
11000000
11000000
10100000
10000000
10000000

01001111
10110000
01000100
01001000
10010000
10100000
10000000
10000000

01001111
10100100
01010000
00101000
10010000
11000000
10000000
10000000

01001111
10110000
01010000
01100000
10000100
10001000
10000000
10000000

00111101
00111000
11000000
11000000
11000000
10000010
00000100
10000000

00111101
00110010
11000000
11000000
10000100
10001000
01000000
10000000

01011101
10000110
00011000
10100000
10100000
11000000
01000000
10000000

01011101
10100010
01010000
10100000
10000100
10001000
01000000
10000000

01011101
10100100
01010000
10100000
10000010
11000000
00001000
10000000

01011101
10100100
01000010
10001000
10010000
11000000
00100000
10000000

01111100
10100010
11000000
10000001
10000100
10001000
01000000
00010000

01111100
10000011
10000100
10001000
10010000
10100000
01000000
01000000

01001111
10110000
01010000
01100000
10000000
10000000
10000000
10000000

00110111
00111000
11000000
11000000
01000000
10000000
10000000
10000000

01010111
10101000
01010000
10100000
01000000
10000000
10000000
10000000

01010111
10110000
01001000
11000000
00100000
10000000
10000000
10000000

01110011
10101000
11000000
10000100
01000000
00010000
10000000
10000000

01110011
10001100
10010000
10100000
01000000
01000000
10000000
10000000

01001111
10110000
01000000
01000000
10000000
10000000
10000000
10000000

00011111
00000110
00011000
10100000
10100000
11000000
11000000
10000000

00011111
00100010
01010000
10100000
10000100
10001000
11000000
10000000

00111110
00110000
11000000
11000000
10000001
10000010
10000100
00001000

00111110
00100001
11000000
10000010
10000100
10001000
10010000
01000000

00011111
00101000
01010000
10100000
11000000
10000000
10000000
10000000

00111011
00110000
11000000
11000000
10000100
00001000
10000000
10000000

00111011
00100100
11000000
10001000
10010000
01000000
10000000
10000000

01111001
10000010
10000100
10001000
10010000
00100000
01000000
10000000

00101111
00110000
11000000
01000000
10000000
10000000
10000000
10000000

01100111
10001000
10010000
00100000
01000000
10000000
10000000
10000000

00001111
00001111
00001111
00001111
11110000
11110000
11110000
11110000

00011101
00011101
00011101
11100010
11100010
11100010
00011100
11100000

00111001
00111001
11000110
11000110
11000110
00111000
00111000
11000000

00001111
00110011
01001101
01001110
10110000
10110000
11010000
11100000

00010111
00011110
00010111
11101000
01010001
11100000
11100000
10101000

00010111
00111001
01000111
11001010
01010100
10101000
10110000
11100000

00010111
00101011
01010110
10101001
01010100
10101000
11100000
11010000

00110011
00110011
11001100
11001100
00110001
00110010
11000100
11001000

00110011
00111010
11000101
11001100
01010001
00110010
11000100
10101000

00110011
00111100
11000101
11001010
01010001
01100010
10010100
10101000

01110001
10001110
10001110
10001110
01110000
01110000
01110000
10000000

00011101
00011110
00011101
11100010
11100000
11100000
01010000
10100000

00011101
00110110
01001101
11001010
10110000
11100000
01010000
10100000

00011101
00101110
01011001
10100110
11100000
11010000
01010000
10100000

00110101
00110101
11001010
11001010
00110100
11001000
00110000
11000000

00110101
00111001
11000110
11001010
01010100
10101000
00110000
11000000

00110101
00110110
11001001
11001010
00110100
11001000
01010000
10100000

00110101
00111010
11000110
11001001
01010100
10101000
01100000
10010000

00110011
00110011
11001100
11001100
00110000
00110000
11000000
11000000

00110011
00111010
11000101
11001100
01010000
00110000
11000000
10100000

00110011
00111100
11000101
11001010
01010000
01100000
10010000
10100000

00001111
00011110
00011101
01100010
11100000
11100000
11010000
10100000

00001111
00110110
01001101
01001010
10110000
11100000
11010000
10100000

00001111
00101110
01011001
00100110
11100000
11010000
11010000
10100000

00001111
00011110
00011110
01100001
11100000
11100000
11100000
10010000

00100111
00100111
11011000
00101010
00110100
11001000
11010000
11000000

00100111
00110101
11001010
01001010
00110100
11001000
10110000
11000000

00100111
00110101
11010010
01101000
00010110
11001000
10101000
11000000

00100111
00111001
11001010
01000110
01100100
10011000
10110000
11000000

00100111
00110110
11011000
01100001
00100110
11001000
11001000
10010000

00100111
00110110
11010001
01101000
00010110
11001000
11001000
10100000

00100111
00110110
11001001
01001010
00110100
11001000
11010000
10100000

00100111
00011110
10011100
01100001
01100010
11100000
11001000
10010000

00100111
00011110
10011001
01100010
01100100
11001000
11010000
10100000

00100111
00111100
11001010
01000110
01100001
11010000
10110000
10001000

00100111
00111100
11010001
01100010
01000110
11001000
10011000
10100000

01100011
10011100
10011100
01100010
01100010
01100001
10011000
10000100

01100011
10001110
10011100
00101010
01110000
01100001
11010000
10000100

00011101
00011110
00011110
11100000
11100000
11100000
01100000
10000000

00101101
00101110
11010010
00101100
11010000
11010000
01100000
10000000

00101101
00011110
10011010
01100100
11100000
11010000
01100000
10000000

00101101
00111010
11000110
01001100
11010000
10110000
01100000
10000000

01100101
10011010
10011010
01100100
01100100
10011000
01100000
10000000

01100101
10011010
10010110
01101000
01010100
10101000
01100000
10000000

00011011
00111100
01010011
11100000
11000100
01001000
10100000
10100000

00011011
00011101
00011110
11100000
11100000
01100000
10100000
11000000

00011011
00110101
01011010
11100000
10100100
01001000
10100000
11000000

00011011
00101101
01010110
10101000
11010000
01100000
10100000
11000000

00101011
00101011
11010100
00101100
11010000
00110000
11000000
11000000

00101011
00110011
11001100
01001100
10110000
00110000
11000000
11000000

00101011
00110011
11011000
01100100
10100100
00011000
11000000
11000000

00101011
00101110
11010001
00101100
11010000
01010000
11000000
10100000

00101011
00111010
11010100
01100001
11000100
00101000
11000000
10010000

00101011
00111010
11010001
01100100
11000100
00011000
11000000
10100000

00101011
00111010
11000101
01001100
11010000
00110000
11000000
10100000

00101011
00110110
11011000
01100001
10100100
01001000
11000000
10010000

00101011
00110110
11010001
01101000
10010100
01001000
11000000
10100000

00101011
00111100
11000101
01001010
11010000
01100000
10010000
10100000

00101011
00111100
11010001
01100010
11000100
01001000
10010000
10100000

01100011
10011100
10011100
01100001
01100010
01100000
10001000
10010000

01100011
10011001
10011100
01100100
01100010
00110000
10001000
11000000

01100011
10011001
10011010
01100100
01100100
00011000
10100000
11000000

00110011
00011110
10011100
11100000
01100000
01100000
11000000
10000000

00110011
00111010
11001100
11000100
01100000
00110000
11000000
10000000

00110011
00101110
11010100
10101000
01010000
01100000
11000000
10000000

00110011
00111100
11001010
11000100
01100000
01010000
10100000
10000000

01100011
10011100
10011100
01100010
01100000
01100000
10010000
10000000

01100011
10010110
10011100
01101000
00110000
01100000
11000000
10000000

01110001
10001110
10011100
10100010
01100000
01100000
01010000
10000000

00101110
00111100
11010010
01100001
11000000
11000000
10100000
00010000

00110110
00111100
11001010
11000001
01100000
11000000
10100000
00010000

00001111
00110011
01011100
01100000
10100000
10100000
11000000
11000000

00100111
00100111
11011000
00101000
00110000
11000000
11000000
11000000

00100111
00110110
11001001
01001000
00110000
11000000
11000000
10100000

00100111
00111100
11010010
01100000
01000001
11000000
10100000
10001000

01100011
10011100
10011100
01100000
01100000
01100000
10000000
10000000

00101101
00111100
11010010
01100000
11000000
11000000
00100000
10000000

00101101
00111010
11010100
01100000
11000000
10100000
01000000
10000000

00001111
00001111
00010011
00101100
11010000
11010000
11100000
11100000

00001111
00101110
01010001
00101100
11010000
11010000
11000001
10100010

00001111
00101110
01010010
00101001
11010000
11000001
11100000
10010100

00001111
00111100
01000011
01000110
11000001
11010000
10110000
10101000

00001111
00111100
01010001
01100010
11000001
11000010
10010100
10101000

01000111
10110001
01010010
01100100
00000111
10011000
10101000
11001000

01000111
10111000
01000011
01000101
01000110
10011000
10101000
10110000

01000111
10011001
00010011
01100100
01000110
10011000
10101000
11100000

01000111
10111000
01010001
01100100
01000110
10011000
10001001
10100010

01000111
10110100
01011000
01100001
00100110
11001000
10001001
10010010

00001111
00101110
01010010
00101100
11010000
11010000
11100000
10000000

00001111
00111100
01000110
01001010
11010000
11100000
10110000
10000000

01000111
10111000
01010010
01100100
01000110
10011000
10101000
10000000

01000111
10110010
01011000
01100100
00100110
10011000
11001000
10000000

01000111
10011010
00011010
01100100
01100100
10011000
11100000
10000000

00011110
00011110
00011100
11100000
11100000
11100000
11000001
00000010

00011110
00111100
01000110
11000010
11000001
11100000
10110000
00001000

01001110
10110010
01001100
01001100
10110000
10110000
11000001
00000010

01001110
10110100
01010010
01101000
10010010
11000001
10101000
00000100

00001111
00101011
01010100
00101100
11010000
10110000
11000000
11000000

00001111
00110011
01001100
01001100
10110000
10110000
11000000
11000000

00001111
00110011
01010100
01101000
10010100
10101000
11000000
11000000

00001111
00101110
01010001
00101100
11010000
11010000
11000000
10100000

00001111
00101110
01010100
00101001
11010000
11100000
11000000
10010000

00001111
00111010
01010100
01100001
11000100
10101000
11000000
10010000

00001111
00111010
01000101
01001100
11010000
10110000
11000000
10100000

00001111
00111100
01000101
01001010
11010000
11100000
10010000
10100000

01000111
10111000
01010001
01100100
01000110
10011000
10001000
10100000

01000111
10110001
01011000
01100100
00100110
10011000
10001000
11000000

01000111
10110100
01011000
01100001
00100110
11001000
10001000
10010000

01000111
10011100
00011100
01100001
01100010
11100000
10001000
10010000

01000111
10011001
00011100
01100100
01100010
10110000
10001000
11000000

01000111
10110001
01001100
01001100
00110010
10110000
10001000
11000000

00011101
00011101
00011010
11100000
11100000
11000010
00100100
11000000

00011101
00111001
01000110
11000010
11000100
10101000
00110000
11000000

00011101
00111001
01001010
11000100
11100000
10010010
00100100
11000000

00011101
00011110
00011100
11100000
11100000
11100000
01000001
10000010

00011101
00011110
00011010
11100000
11100000
11000001
01100000
10000100

00011101
00111100
01000101
11000010
11000010
11100000
00011000
10100000

00011101
00111100
01000110
11000010
11000001
11100000
00110000
10001000

00011101
00111010
01001001
11000100
11100000
10010010
01000100
10100000

00011101
00111010
01000101
11000100
11000010
10110000
01001000
10100000

00011101
00111010
01000110
11000100
11000001
10110000
01100000
10001000

00011101
00111010
01001100
11000100
11100000
10110000
01000001
10000010

01001101
10100110
01001010
00001101
10110000
11010000
01100000
10010000

01001101
10110010
01001100
01001001
10110000
10100010
01000100
10010000

01001101
10110100
01001010
01001001
10110000
11000010
00100100
10010000

01001101
10010110
00001110
01001001
10110000
11100000
01100000
10010000

01001101
10110010
01000110
01001001
10010100
10101000
01100000
10010000

01001101
10010110
00011100
01100001
10100010
11100000
01001000
10010000

01001101
10110010
01010100
01100001
10000110
10101000
01001000
10010000

01001101
10110100
01011000
01100001
10100010
11000010
00001100
10010000

01001101
10110010
01001100
01001100
10110000
10110000
01000001
10000010

01001101
10110001
01001010
01001100
10110000
10010010
00100100
11000000

01001101
10110010
01001010
01001100
10110000
10010001
01100000
10000100

01001101
10101010
01010010
00101100
11010000
10010001
01100000
10000100

01001101
10101010
01010100
00101100
11010000
10110000
01000001
10000010

01001101
10110001
01000110
01001010
10010100
10101000
00110000
11000000

01001101
10110010
01010100
01101000
10010100
10101000
01000001
10000010

01001101
10110100
01010010
01101000
10010001
11000010
00100100
10001000

01001101
10110001
01010010
01101000
10010100
10001010
00100100
11000000

00111100
00111100
11000001
11000001
11000010
11000010
00001100
00110000

00011101
00011110
00011100
11100000
11100000
11100000
01000000
10000000

00011101
00111010
01001100
11000100
11100000
10110000
01000000
10000000

01001101
10110010
01001100
01001100
10110000
10110000
01000000
10000000

01001101
10101010
01010100
00101100
11010000
10110000
01000000
10000000

01001101
10110010
01010100
01101000
10010100
10101000
01000000
10000000

00011011
00011110
00011100
11100000
11100000
01100000
11000000
10000000

00011011
00111010
01001100
11000100
11100000
00110000
11000000
10000000

00011011
00110110
01001100
11001000
10110000
01100000
11000000
10000000

00011011
00110110
01011000
11100000
10100100
01001000
11000000
10000000

00011011
00111100
01010010
11100000
11000100
01001000
10100000
10000000

01001011
10110100
01001100
01001010
10110000
01100000
10010000
10000000

01001011
10101100
01010100
00101010
11010000
01100000
10010000
10000000

01001011
10011100
00011100
01100010
11100000
01100000
10010000
10000000

01001011
10110100
01011000
01100010
10100100
01001000
10010000
10000000

01001011
10111000
01010100
01100010
11000100
00101000
10010000
10000000

01001011
10110010
01001100
01001100
10110000
00110000
11000000
10000000

01001011
10100110
01011000
00101100
10110000
01010000
11000000
10000000

01001011
10110010
01010100
01101000
10010100
00101000
11000000
10000000

00111001
00111100
11000010
11000010
11000100
01001000
00110000
10000000

00111001
00110110
11001000
11000010
10100100
01001000
01010000
10000000

01011001
10010110
00011100
11100000
10100010
01100000
01001000
10000000

01011001
10100110
01011000
10100010
10100100
01001000
01010000
10000000

01011001
10101010
01010100
10100010
11000100
00101000
01010000
10000000

01011001
10101100
01010100
10100010
11000010
01100000
00011000
10000000

01011001
10100110
01010100
10101000
10010010
01100000
01001000
10000000

00011110
00011110
00011001
11100000
11100000
11000000
11000000
00100000

00011110
00110110
01001001
11001000
10110000
11000000
11000000
00100000

00011110
00111100
01010010
11100000
11000001
11000000
10100000
00001000

00011110
00111100
01010001
11100000
11000010
11000000
10001000
00100000

01001110
10110010
01001001
01001100
10110000
10010000
11000000
00100000

01001110
10111000
01010010
01100100
11000001
10010000
10100000
00001000

01001110
10110010
01011000
01100100
10100001
10010000
11000000
00001000

01001110
10110010
01011000
01100001
10100100
10001000
11000000
00010000

00111010
00111010
11000100
11000100
11000001
00110000
11000000
00001000

00111010
00111100
11000001
11000010
11000100
01001000
10010000
00100000

01011010
10101100
01010010
10100100
11000001
01010000
10100000
00001000

01011010
10101100
01010100
10100010
11000001
01100000
10010000
00001000

00001111
00111100
01010001
01100010
11000000
11000000
10010000
10100000

00010111
00100111
01011000
10101000
00110000
11000000
11000000
11000000

00010111
00011110
00011001
11100000
01100000
11000000
11000000
10100000

00010111
00110110
01001001
11001000
00110000
11000000
11000000
10100000

00010111
00110110
01011000
11100000
00100001
11000000
11000000
10001000

00010111
00101110
01010001
10101000
01010000
11000000
11000000
10100000

00010111
00101110
01011000
10100001
01100000
11000000
11000000
10010000

00010111
00111100
01010010
11100000
01000001
11000000
10100000
10001000

00010111
00111100
01001010
11000001
01100000
11000000
10100000
10010000

00010111
00111100
01000011
11001000
01010000
11000000
10100000
10100000

01000111
10111000
01001001
01000110
01100000
10010000
10010000
10100000

01000111
10101001
01011000
00100110
01100000
10010000
10010000
11000000

01000111
10110001
01001010
01001100
00110000
10010000
10100000
11000000

01000111
10101010
01010001
00101100
01010000
10010000
11000000
10100000

01000111
10111000
01010001
01100100
01000010
10010000
10001000
10100000

01000111
10110001
01011000
01100100
00100010
10010000
10001000
11000000

00110011
00110011
11000100
11001000
00010100
00101000
11000000
11000000

00110011
00111010
11000100
11000100
01000001
00110000
11000000
10001000

00110011
00111010
11000100
11000001
01000100
00101000
11000000
10010000

00110011
00111100
11000001
11000010
01000100
01001000
10010000
10100000

00110011
00111100
11000001
11000100
01000010
01010000
10001000
10100000

01010011
10011100
00010011
11100000
01000100
01001000
10100000
10100000

01010011
10101100
01000011
10001100
01010000
01010000
10100000
10100000

01010011
10110100
01000011
11001000
00010100
01001000
10100000
10100000

01010011
10011100
00011010
11100000
01100000
01000001
10100000
10000100

01010011
10101100
01010010
10100100
01000001
01010000
10100000
10001000

01010011
10101001
01010010
10100100
01000100
00011000
10100000
11000000

01010011
10101100
01010010
10100001
01000100
01001000
10100000
10010000

01010011
10110100
01001010
11001000
00110000
01000001
10100000
10000100

01010011
10111000
01001010
11000100
01100000
00010001
10100000
10000100

01010011
10100101
01001010
10001100
00110000
01010000
10100000
11000000

01010011
10101100
01001010
10000101
01100000
01010000
10100000
10010000

01010011
10101001
01011000
10100100
01100000
00010010
10000100
11000000

01010011
10100101
01011000
10101000
00110000
01000010
10000100
11000000

01010011
10101100
01011000
10100001
01100000
01000010
10000100
10010000

01010011
10100101
01001100
10001010
00110000
01100000
10010000
11000000

01010011
10110100
01001100
11001000
00110000
01100000
10000001
10000010

00110011
00111100
11000100
11001000
01010000
01100000
10000000
10000000

01010011
10011100
00011100
11100000
01100000
01100000
10000000
10000000

01010011
10101100
01011000
10100100
01100000
01010000
10000000
10000000

01010011
10110100
01001100
11001000
00110000
01100000
10000000
10000000

00011101
00111100
01010010
11100000
11000000
11000000
00100000
10000000

00011101
00111010
01010100
11100000
11000000
10100000
01000000
10000000

01001101
10110010
01010100
01101000
10010000
10100000
01000000
10000000

01001101
10110100
01010010
01101000
10010000
11000000
00100000
10000000

00110101
00110110
11001000
11001000
00110000
11000000
01000000
10000000

00110101
00111100
11000010
11001000
01010000
11000000
00100000
10000000

00110101
00111010
11000100
11001000
01010000
10100000
01000000
10000000

01010101
10011010
00011100
11100000
01100000
10100000
01000000
10000000

01010101
10101010
01010100
10101000
01010000
10100000
01000000
10000000

01010101
10110010
01001100
11001000
00110000
10100000
01000000
10000000

01010101
10111000
01001100
11000010
01100000
10100000
00010000
10000000

01010101
10101100
01010010
10101000
01010000
11000000
00100000
10000000

01010101
10101100
01011000
10100010
01100000
11000000
00010000
10000000

01010101
10101010
01011000
10100100
01100000
10010000
01000000
10000000

01010101
10100110
01011000
10101000
00110000
11000000
01000000
10000000

01110001
10101100
11000010
10001100
01010000
01010000
00100000
10000000

00111100
00111100
11000001
11000010
11000000
11000000
00010000
00100000

00001111
00111100
01010010
01100000
11000000
11000000
10100000
10000000

00100111
00110110
11001000
01001000
00110000
11000000
11000000
10000000

00100111
00011110
10011000
01100000
01100000
11000000
11000000
10000000

00100111
00111100
11000010
01001000
01010000
11000000
10100000
10000000

00100111
00111100
11001000
01000010
01100000
11000000
10010000
10000000

01000111
10111000
01000110
01001000
01010000
10100000
10100000
10000000

01000111
10011010
00011100
01100000
01100000
10100000
11000000
10000000

01000111
10101010
01010100
00101000
01010000
10100000
11000000
10000000

01000111
10111000
01010100
01100000
01000010
10100000
10001000
10000000

01000111
10110100
01011000
01100000
00100010
11000000
10001000
10000000

01100011
10011010
10001100
01000100
01100000
00110000
11000000
10000000

01100011
10111000
11000100
01000100
01000010
00110000
10001000
10000000

01100011
10111000
11000100
01001000
01010000
00100010
10000100
10000000

01100011
10011100
10011000
01100000
01100000
01000010
10000100
10000000

01100011
10011100
10010010
01100000
01000100
01001000
10100000
10000000

00011110
00111100
01000011
11000000
11000000
11000000
10100000
00100000

00101110
00101110
11010000
00100001
11000000
11000000
11000000
00010000

00101110
00111100
11000001
01000010
11000000
11000000
10010000
00100000

00101110
00111100
11000010
01000001
11000000
11000000
10100000
00010000

01001110
10110010
01001100
01000001
10100000
10100000
11000000
00010000

01001110
10110010
01001001
01000100
10100000
10010000
11000000
00100000

01001110
10110100
01011000
01100000
10100000
11000000
10000001
00000010

01001110
10111000
01010001
01100000
11000000
10000010
10000100
00100000

01100110
10111000
11000001
01000010
01000100
10001000
10010000
00100000

01100110
10111000
11000001
01001000
01010000
10000010
10000100
00100000

00101011
00111100
11010000
01100000
11000000
01000000
10000000
10000000

01001011
10110100
01011000
01100000
10100000
01000000
10000000
10000000

01001011
10111000
01010100
01100000
11000000
00100000
10000000
10000000

01100011
10110100
11001000
01001000
00110000
01000000
10000000
10000000

01100011
10011100
10011000
01100000
01100000
01000000
10000000
10000000

01100011
10111000
11000100
01001000
01010000
00100000
10000000
10000000

00111001
00111100
11000010
11000000
11000000
01000000
00100000
10000000

01011001
10101010
01010100
10100000
11000000
00100000
01000000
10000000

01101001
10110100
11000010
01001000
10010000
01000000
00100000
10000000

01100011
10111000
11000100
01000000
01000000
00100000
10000000
10000000

00001111
00101110
01010000
00100001
11000000
11000000
11000000
10010000

00001111
00111100
01000001
01000010
11000000
11000000
10010000
10100000

00001111
00111100
01010000
01100000
11000000
11000000
10000001
10000010

01000111
10110100
01001000
01001000
00110000
11000000
10000001
10000010

01000111
10110100
01001000
01000001
00100010
11000000
10001000
10010000

01000111
10111000
01000001
01000010
01000100
10001000
10010000
10100000

01000111
10111000
01000001
01001000
01010000
10000010
10000100
10100000

00001111
00111100
01010000
01100000
11000000
11000000
10000000
10000000

01000111
10110100
01001000
01001000
00110000
11000000
10000000
10000000

01000111
10111000
01000100
01001000
01010000
10100000
10000000
10000000

00011101
00111100
01000010
11000000
11000000
11000000
00100000
10000000

00011101
00111010
01000100
11000000
11000000
10100000
01000000
10000000

01001101
10101010
01010000
00100100
11000000
10010000
01000000
10000000

01001101
10111000
01000010
01000100
11000000
10010000
00100000
10000000

01001101
10111000
01010000
01100000
11000000
10000010
00000100
10000000

01001101
10110010
01000100
01001000
10010000
10100000
01000000
10000000

01001101
10110010
01010000
01100000
10000100
10001000
01000000
10000000

01000111
10111000
01010000
01100000
01000000
10000000
10000000
10000000

00110011
00111100
11000000
11000000
01000000
01000000
10000000
10000000

01010011
10111000
01000100
11000000
01000000
00100000
10000000
10000000

01010011
10101100
01010000
10100000
01000000
01000000
10000000
10000000

01000111
10111000
01000000
01000000
01000000
10000000
10000000
10000000

00001111
00100110
01001010
00001101
10110000
11010000
11100000
10010000

00001111
00110010
01001100
01001001
10110000
10100010
11000100
10010000

00001111
00010110
00001110
01001001
10110000
11100000
11100000
10010000

00001111
00110010
01000110
01001001
10010100
10101000
11100000
10010000

00001111
00010110
00011010
01100001
10100100
11001000
11100000
10010000

00001111
00110010
01001100
01001100
10110000
10110000
11000001
10000010

00001111
00110010
01001010
01001100
10110000
10010001
11100000
10000100

00001111
00110010
01010100
01101000
10010010
10100001
11001000
10000100

00011110
00011010
00011100
11100000
11100000
10100001
11000001
00000110

00011110
00011001
00011100
11100000
11100000
10100010
10000101
01000010

00011110
00010011
00011100
11100000
10100001
10100010
11000100
01001000

00011110
00000111
00011001
10100010
10100100
11001000
11010000
01100000

00011110
00100110
01011000
10100001
10100010
11000001
11001000
00010100

00011110
00101010
01011000
10100001
11100000
10000011
11000100
00010100

00011110
00100011
01011000
10100010
10100100
10001001
11010000
01000100

00001111
00110100
01001100
01001010
10110000
11100000
10010000
10000000

00001111
00011100
00011100
01100010
11100000
11100000
10010000
10000000

00001111
00110100
01011000
01100010
10100100
11001000
10010000
10000000

00011101
00011010
00011100
11100000
11100000
10100010
01000100
10000000

00011101
00010110
00011010
11100000
10100100
11001000
01100000
10000000

00011101
00100110
01011000
10100010
10100100
11001000
01010000
10000000

00011101
00101100
01011000
10100010
11100000
11000010
00010100
10000000

00011101
00101010
01011000
10100100
11100000
10010010
01000100
10000000

00011110
00011100
00011010
11100000
11100000
11000001
10100000
00000100

00011110
00010101
00011010
11100000
10100100
11001000
10100000
01000000

00011110
00101100
01010010
10100100
11000001
11010000
10100000
00001000

00011110
00111000
01010010
11100000
11000100
10001001
10100000
00000100

00011110
00011100
00011001
11100000
11100000
11000010
10000100
00100000

00011110
00101100
01010001
10100100
11000010
11010000
10001000
00100000

00011110
00011100
00011100
11100000
11100000
11100000
10000001
00000010

00011110
00101100
01011000
10100100
11100000
11010000
10000001
00000010

00011110
00101100
01011000
10100001
11100000
11000010
10000100
00010000

00111100
00110001
11000100
11001000
10010010
10100010
00001100
01000000

00111100
00111000
11000010
11000010
11000100
10001001
00110000
00000100

00111100
00111000
11000010
11000001
11000100
10001010
00100100
00010000

00111100
00110010
11000100
11001000
10010001
10100010
01000100
00001000

00001111
00111000
01001001
01000110
11100000
10010000
10010000
10100000

00001111
00110001
01001010
01001100
10110000
10010000
10100000
11000000

00001111
00111000
01010001
01100100
11000010
10010000
10001000
10100000

00011011
00011100
00010011
11100000
11000100
01001000
10100000
10100000

00011011
00101100
01000011
10001100
11010000
01010000
10100000
10100000

00011011
00111000
01000011
11000100
11000100
00011000
10100000
10100000

00011011
00011100
00011010
11100000
11100000
01000001
10100000
10000100

00011011
00010101
00011010
11100000
10100100
01001000
10100000
11000000

00011011
00011100
00010110
11100000
11000001
01100000
10100000
10001000

00011011
00001101
00010110
10101000
11010000
01100000
10100000
11000000

00011011
00101100
01010010
10100100
11000001
01010000
10100000
10001000

00011011
00101001
01010010
10100100
11000100
00011000
10100000
11000000

00011011
00101100
01010010
10101000
11010000
01000001
10100000
10000100

00011011
00111000
01010010
11100000
11000100
00001001
10100000
10000100

00011011
00100101
01010010
10101000
10010100
01001000
10100000
11000000

00011011
00101100
01010010
10100001
11000100
01001000
10100000
10010000

00011011
00110100
01010010
11100000
10000101
01001000
10100000
10001000

00011011
00111000
01000110
11000001
11000100
00101000
10100000
10010000

00011011
00011100
00011100
11100000
11100000
01100000
10000001
10000010

00011011
00101100
01011000
10100100
11100000
01010000
10000001
10000010

00011011
00101100
01011000
10100001
11100000
01000010
10000100
10010000

00011011
00101100
01010100
10101000
11010000
01100000
10000001
10000010

00011011
00101100
01010100
10100001
11000010
01100000
10001000
10010000

00111001
00110001
11000010
11000100
10000110
00011000
00101000
11000000

00111001
00110001
11000010
11001000
10010100
00001010
00100100
11000000

00111001
00100101
11000010
10001010
10010100
01001000
00110000
11000000

00111001
00100101
11001000
10000110
10100010
01010000
00011000
11000000

00111001
00111000
11000010
11000010
11000100
00001001
00110000
10000100

00111001
00111000
11000010
11000001
11000100
00001010
00100100
10010000

00111001
00110100
11000010
11000010
10000101
01001000
00110000
10001000

00111001
00110100
11000010
11001000
10010100
01001000
00100001
10000010

00111001
00110100
11000010
11000001
10000110
01001000
00101000
10010000

00111001
00110100
11000010
11000100
10000011
01010000
00101000
10001000

00111001
00110100
11000010
11001000
10010010
01000001
00101000
10000100

00111001
00110100
11000001
11001000
10010010
01000010
00001100
10100000

00111001
00110100
11000100
11001000
10010010
01100000
00001001
10000010

00111001
00100110
11001000
10000011
10100100
01001000
01010000
10010000

00111001
00100110
11000001
10001010
10010100
01001000
01010000
10100000

01111000
10000011
10000101
10001010
10010100
00101000
01010000
01100000

01111000
10001001
10010001
10100010
11000100
00001010
00010100
01100000

00011011
00011100
00011100
11100000
11100000
01100000
10000000
10000000

00011011
00101100
01011000
10100100
11100000
01010000
10000000
10000000

00011011
00101100
01010100
10101000
11010000
01100000
10000000
10000000

00011101
00011010
00011100
11100000
11100000
10100000
01000000
10000000

00011101
00101010
01010100
10101000
11010000
10100000
01000000
10000000

00011101
00111000
01010100
11100000
11000010
10100000
00001000
10000000

00011101
00111000
01010010
11100000
11000100
10001000
00100000
10000000

00111001
00110010
11000100
11001000
10010100
00101000
01000000
10000000

00111001
00111000
11000100
11000100
11000010
00110000
00001000
10000000

00111001
00110100
11001000
11000010
10100100
01001000
00010000
10000000

00111001
00110100
11001000
11000100
10100010
01010000
00001000
10000000

00111100
00110100
11001000
11000001
10100010
11000000
00001000
00010000

00111100
00110010
11001000
11000100
10100001
10010000
01000000
00001000

00111100
00111000
11000001
11000010
11000100
10001000
00010000
00100000

01111000
10001100
10010100
10100001
11000010
01100000
00001000
00010000

00001111
00110010
01010100
01101000
10010000
10100000
11000000
10000000

00010111
00111000
01000110
11001000
01010000
10100000
10100000
10000000

00010111
00011010
00011100
11100000
01100000
10100000
11000000
10000000

00010111
00101010
01010100
10101000
01010000
10100000
11000000
10000000

00010111
00111000
01010100
11100000
01000010
10100000
10001000
10000000

00010111
00111000
01001100
11000010
01100000
10100000
10010000
10000000

00110011
00110010
11000100
11001000
00010100
00101000
11000000
10000000

00110011
00101010
11000100
10001100
01010000
00110000
11000000
10000000

00110011
00101010
11010000
10100100
01000100
00011000
11000000
10000000

00110011
00001110
10010100
10101000
01010000
01100000
11000000
10000000

00110011
00111000
11000100
11000100
01000010
00110000
10001000
10000000

00110011
00111000
11000100
11000010
01000100
00101000
10010000
10000000

00110011
00111000
11000100
11001000
01010000
00100010
10000100
10000000

00110011
00101100
11010000
10101000
01010000
01000010
10000100
10000000

00110011
00101100
11000010
10001100
01010000
01010000
10100000
10000000

00110011
00101100
11000100
10001010
01010000
01100000
10010000
10000000

01110001
10000110
10001010
10001100
00110000
01010000
01100000
10000000

01110001
10000110
10010010
10101000
00010100
01001000
01100000
10000000

00011110
00010011
00011100
11100000
10100000
10100000
11000000
01000000

00011110
00110001
01001100
11000010
10100000
10100000
10010000
01000000

00011110
00110010
01001100
11000001
10100000
10100000
11000000
00010000

00011110
00110010
01001001
11000100
10100000
10010000
11000000
00100000

00011110
00110100
01011000
11100000
10100000
11000000
10000001
00000010

00011110
00110001
01011000
11100000
10100000
10000010
10000100
01000000

00110110
00100110
11001000
10001001
00110000
11000000
11000000
00010000

00110110
00100110
11010000
10101000
00010001
11000000
11000000
00001000

00110110
00001110
10010001
10101000
01010000
11000000
11000000
00100000

00110110
00100101
11001000
10001010
00110000
11000000
10010000
01000000

00110110
00100101
11010000
10101000
00010010
11000000
10001000
01000000

00110110
00110100
11001000
11001000
00110000
11000000
10000001
00000010

00110110
00110100
11001000
11000001
00100010
11000000
10001000
00010000

00110110
00110100
11001000
11000010
00100001
11000000
10010000
00001000

00110110
00101100
11010000
10101000
01010000
11000000
10000001
00000010

00110110
00101100
11010000
10100001
01000010
11000000
10001000
00010000

00110110
00101100
11000001
10001010
01010000
11000000
10010000
00100000

00110110
00101100
11000010
10001001
01010000
11000000
10100000
00010000

00110110
00101100
11001000
10000011
01100000
11000000
10010000
00010000

00110110
00110001
11001000
11001000
00110000
10000010
10000100
01000000

00110110
00110001
11001000
11000010
00100100
10001000
10010000
01000000

00110110
00101001
11010000
10101000
01010000
10000010
10000100
01000000

00110110
00101001
11000010
10001100
01010000
10010000
10100000
01000000

00110110
00111000
11000001
11000010
01000100
10001000
10010000
00100000

00110110
00111000
11000001
11001000
01010000
10000010
10000100
00100000

00110110
00111000
11000010
11000100
01000001
10010000
10100000
00001000

00110110
00111000
11000010
11001000
01010000
10000001
10100000
00000100

01110010
10001100
10011000
10100001
01100000
01000010
10000100
00010000

01110010
10010100
10001001
11001000
00110000
01000010
10000100
00100000

01110010
10010100
10001010
11001000
00110000
01000001
10100000
00000100

01110010
10001100
10001100
10000011
01100000
01100000
10010000
00010000

01110010
10001100
10000101
10001010
01010000
01100000
10010000
00100000

01110010
10001100
10010100
10101000
01010000
01100000
10000001
00000010

01110010
10010100
10000011
11001000
00010100
01001000
10100000
00100000

01110010
10010100
10001010
11000001
00100100
01001000
10100000
00010000

00011011
00110100
01011000
11100000
10100000
01000000
10000000
10000000

00110011
00110100
11001000
11001000
00110000
01000000
10000000
10000000

00110011
00101100
11010000
10101000
01010000
01000000
10000000
10000000

00110011
00111000
11000100
11001000
01010000
00100000
10000000
10000000

00111001
00101100
11010000
10100010
11000000
01000000
00010000
10000000

00111001
00111000
11000010
11000100
11000000
00010000
00100000
10000000

00111001
00110100
11000010
11001000
10010000
01000000
00100000
10000000

01110001
10011000
10001010
11000100
01100000
00010000
00100000
10000000

01111000
10100001
11000010
10001100
10010000
00010000
00100000
01000000

00001111
00010011
00011100
01100000
10100000
10100000
11000000
11000000

00001111
00110001
01001100
01000010
10100000
10100000
10010000
11000000

00001111
00110100
01011000
01100000
10100000
11000000
10000001
10000010

00100111
00000111
10011000
00101000
00110000
11000000
11000000
11000000

00100111
00100110
11001000
00001001
00110000
11000000
11000000
10010000

00100111
00010110
10001001
01001000
00110000
11000000
11000000
10100000

00100111
00010110
10011000
01100000
00100001
11000000
11000000
10001000

00100111
00110100
11001000
01001000
00110000
11000000
10000001
10000010

00100111
00110100
11001000
01000001
00100010
11000000
10001000
10010000

00100111
00110100
11000001
01001000
00010010
11000000
10001000
10100000

00100111
00110100
11010000
01100000
00000011
11000000
10001000
10001000

00100111
00011100
10011000
01100000
01100000
11000000
10000001
10000010

00100111
00011100
10010010
01100000
01000001
11000000
10100000
10001000

00100111
00111000
11000001
01000010
01000100
10001000
10010000
10100000

00100111
00111000
11000001
01001000
01010000
10000010
10000100
10100000

00100111
00111000
11001000
01000001
01100000
10000010
10000100
10010000

01100011
10011000
10011000
01100000
01100000
00000011
10000100
10000100

01100011
10101000
11010000
00101000
01010000
00000011
10000100
10000100

01100011
10001100
10011000
00100001
01100000
01000010
10000100
10010000

01100011
10001100
10010001
00101000
01010000
01000010
10000100
10100000

01100011
10100100
11010000
00101000
00010001
01000010
10000100
10001000

01100011
10000101
10011000
00101000
00110000
01000010
10000100
11000000

01100011
10001001
10011000
00100100
01100000
00010010
10000100
11000000

01100011
10001100
10010100
00101000
01010000
01100000
10000001
10000010

01100011
10000101
10001010
00001100
00110000
01010000
10100000
11000000

01100011
10100100
11001000
00001100
00110000
01010000
10000001
10000010

00001111
00110100
01011000
01100000
10100000
11000000
10000000
10000000

00100111
00110100
11001000
01001000
00110000
11000000
10000000
10000000

00100111
00011100
10011000
01100000
01100000
11000000
10000000
10000000

00100111
00111000
11000100
01001000
01010000
10100000
10000000
10000000

00100111
00111000
11001000
01000100
01100000
10010000
10000000
10000000

01100011
10001100
10010100
00101000
01010000
01100000
10000000
10000000

01100011
10100100
11001000
00001100
00110000
01010000
10000000
10000000

00011101
00100110
01011000
10100000
10100000
11000000
01000000
10000000

00101101
00101100
11010000
00100010
11000000
11000000
00010000
10000000

00101101
00011100
10010010
01100000
11000000
11000000
00100000
10000000

00101101
00101010
11010000
00100100
11000000
10010000
01000000
10000000

00101101
00011010
10010100
01100000
11000000
10100000
01000000
10000000

00101101
00111000
11000010
01000100
11000000
10010000
00100000
10000000

00101101
00111000
11000100
01000010
11000000
10100000
00010000
10000000

00101101
00111000
11010000
01100000
11000000
10000010
00000100
10000000

00101101
00110010
11000100
01001000
10010000
10100000
01000000
10000000

00101101
00110010
11010000
01100000
10000100
10001000
01000000
10000000

01100101
10011000
10010010
01100000
01000100
10001000
00100000
10000000

01100101
10101000
11010000
00100010
01000100
10001000
00010000
10000000

01100101
10100010
11010000
00101000
00010100
10001000
01000000
10000000

01100101
10011000
10010100
01100000
01000010
10100000
00001000
10000000

01100101
10011000
10011000
01100000
01100000
10000010
00000100
10000000

01100101
10101000
11010000
00101000
01010000
10000010
00000100
10000000

01100101
10001010
10010100
00101000
01010000
10100000
01000000
10000000

01100101
10011000
10000110
01001000
01010000
10100000
00100000
10000000

00111100
00011100
10000011
11000000
11000000
11000000
00100000
00100000

00111100
00011010
10000101
11000000
11000000
10100000
01000000
00100000

00111100
00111000
11000001
11000000
11000000
10000010
00000100
00100000

00111100
00110010
11000001
11000000
10000100
10001000
01000000
00100000

00111100
00110010
11000100
11000000
10000001
10100000
01000000
00001000

00111100
00100011
11000100
10001000
10010000
10100000
01000000
01000000

01101100
10100001
11000010
00001100
10010000
10010000
00100000
01000000

01101100
10110000
11000010
01001000
10010000
10000001
00100000
00000100

01101100
10010001
10000110
01001000
10010000
10100000
00100000
01000000

01101100
10010100
10000011
01001000
10010000
11000000
00100000
00100000

01101100
10110000
11000001
01000010
10000100
10001000
00010000
00100000

01101100
10010100
10001001
01000010
10100000
11000000
00010000
00100000

01101100
10010001
10010010
01100000
10000100
10001000
00100000
01000000

01101100
10010001
10010100
01100000
10000010
10100000
00001000
01000000

00100111
00111000
11010000
01100000
01000000
10000000
10000000
10000000

00110011
00111000
11000100
11000000
01000000
00100000
10000000
10000000

00110011
00101100
11010000
10100000
01000000
01000000
10000000
10000000

01100011
10110000
11000100
01001000
00010000
00100000
10000000
10000000

01100011
10010100
10011000
01100000
00100000
01000000
10000000
10000000

01110001
10000110
10011000
10100000
00100000
01000000
01000000
10000000

01110001
10100010
11001000
10000100
00100000
00010000
01000000
10000000

00001111
00101100
01010000
00100010
11000000
11000000
10010000
10000000

00001111
00111000
01000010
01000100
11000000
10010000
10100000
10000000

00001111
00111000
01010000
01100000
11000000
10000010
10000100
10000000

01000111
10110000
01010000
01100000
00000110
10001000
10001000
10000000

01000111
10011000
00010010
01100000
01000100
10001000
10100000
10000000

01000111
10010010
00011000
01100000
00100100
10001000
11000000
10000000

01000111
10011000
00011000
01100000
01100000
10000010
10000100
10000000

00011110
00011100
00000011
11000000
11000000
11000000
10100000
00100000

00011110
00011001
00000110
11000000
11000000
10100000
10100000
01000000

00011110
00111000
01000001
11000000
11000000
10000010
10000100
00100000

00011110
00111000
01000010
11000000
11000000
10000001
10100000
00000100

00011110
00110001
01000010
11000000
10000100
10001000
10100000
01000000

01001110
10100001
01000010
00001100
10010000
10010000
10100000
01000000

01001110
10100010
01000001
00001100
10010000
10010000
11000000
00100000

01001110
10100010
01000100
00001001
10010000
10100000
11000000
00010000

01001110
10110000
01000100
01001000
10010000
10100000
10000001
00000010

01001110
10110000
01000001
01001000
10010000
10000010
10000100
00100000

01001110
10100100
01010000
00101000
10010000
11000000
10000001
00000010

01001110
10100001
01010000
00101000
10010000
10000010
10000100
01000000

01001110
10000101
00010010
00101000
10010000
11000000
10100000
01000000

01001110
10101000
01010000
00100001
11000000
10000010
10000100
00010000

01001110
10110000
01010000
01100000
10000001
10000010
10000100
00001000

00001111
00111000
01010000
01100000
11000000
10000000
10000000
10000000

01000111
10011000
00011000
01100000
01100000
10000000
10000000
10000000

00011011
00111000
01000100
11000000
11000000
00100000
10000000
10000000

00011011
00110100
01001000
11000000
10100000
01000000
10000000
10000000

01001011
10110000
01000100
01001000
10010000
00100000
10000000
10000000

01001011
10100100
01010000
00101000
10010000
01000000
10000000
10000000

01001011
10101000
01010000
00100100
11000000
00010000
10000000
10000000

01001011
10110000
01010000
01100000
10000100
00001000
10000000
10000000

00111001
00110100
11000000
11000000
10000010
01000000
00001000
10000000

00111001
00100110
11000000
10001000
10010000
01000000
01000000
10000000

01011001
10000110
00011000
10100000
10100000
01000000
01000000
10000000

01011001
10001010
00010100
10100000
11000000
00100000
01000000
10000000

01011001
10100010
01010000
10100000
10000100
00001000
01000000
10000000

01011001
10100010
01000100
10001000
10010000
00100000
01000000
10000000

01011001
10101000
01000100
10000010
11000000
00100000
00010000
10000000

01111000
10100100
11000000
10000001
10000010
01000000
00001000
00010000

01111000
10000110
10000001
10001000
10010000
01000000
01000000
00100000

00100111
00111000
11000000
01000000
01000000
10000000
10000000
10000000

01000111
10101000
01010000
00100000
01000000
10000000
10000000
10000000

01100011
10011000
10000100
01000000
01000000
00100000
10000000
10000000

00001111
00100001
01000010
00001100
10010000
10010000
10100000
11000000

00001111
00110000
01000100
01001000
10010000
10100000
10000001
10000010

00001111
00110000
01000100
01001000
10010000
10100000
10000000
10000000

00011101
00000110
00011000
10100000
10100000
11000000
01000000
10000000

00011101
00100010
01010000
10100000
10000100
10001000
01000000
10000000

00011101
00100100
01010000
10100000
10000010
11000000
00001000
10000000

00111100
00110000
11000000
11000000
10000001
10000010
00000100
00001000

00111100
00100010
11000000
10000001
10000100
10001000
01000000
00010000

00010111
00101000
01010000
10100000
01000000
10000000
10000000
10000000

00110011
00101000
11000000
10000100
01000000
00010000
10000000
10000000

01110001
10000010
10000100
10001000
00010000
00100000
01000000
10000000

00000111
00110001
01010010
01100100
00000111
10011000
10101000
11001000

00000111
00111000
01000011
01000101
01000110
10011000
10101000
10110000

00000111
00011001
00010011
01100100
01000110
10011000
10101000
11100000

00000111
00111000
01010001
01100100
01000110
10011000
10001001
10100010

00000111
00111000
01010010
01100100
01000110
10011000
10101000
10000000

00000111
00011010
00011010
01100100
01100100
10011000
11100000
10000000

00000111
00011010
00011100
01100010
01100100
10101000
11010000
10000000

00000111
00111000
01010001
01100100
01000110
10011000
10001000
10100000

00000111
00011100
00011100
01100001
01100010
11100000
10001000
10010000

00000111
00011001
00011100
01100100
01100010
10110000
10001000
11000000

00001101
00100110
01001010
00001101
10110000
11010000
01100000
10010000

00001101
00110010
01001100
01001001
10110000
10100010
01000100
10010000

00001101
00110100
01001010
01001001
10110000
11000010
00100100
10010000

00001101
00110010
01000110
01001001
10010100
10101000
01100000
10010000

00001101
00110100
01000110
01001001
10010010
11100000
00101000
10010000

00001101
00010110
00011100
01100001
10100010
11100000
01001000
10010000

00001101
00110010
01010100
01100001
10000110
10101000
01001000
10010000

00001101
00110010
01001100
01001100
10110000
10110000
01000001
10000010

00001101
00110010
01001010
01001100
10110000
10010001
01100000
10000100

00001101
00110100
01001010
01001100
10110000
11010000
00100001
10000010

00001101
00110010
01010100
01101000
10010100
10101000
01000001
10000010

00001101
00110100
01001100
01001010
10110000
11100000
00010000
10000000

00001101
00011100
00011100
01100010
11100000
11100000
00010000
10000000

00001101
00110100
01011000
01100010
10100100
11001000
00010000
10000000

00001011
00110100
01001100
01001010
10110000
01100000
10010000
10000000

00001011
00111000
01001100
01000110
11100000
00110000
10010000
10000000

00001011
00011100
00011100
01100010
11100000
01100000
10010000
10000000

00001011
00110100
01011000
01100010
10100100
01001000
10010000
10000000

00011001
00011010
00011100
11100000
11100000
00100010
01000100
10000000

00011001
00010110
00011100
11100000
10100010
01100000
01001000
10000000

00011001
00100110
01011000
10100010
10100100
01001000
01010000
10000000

00011001
00101100
01011000
10100010
11100000
01000010
00010100
10000000

00011001
00001110
00010110
10101000
11010000
01100000
01100000
10000000

00011001
00101010
01010100
10100010
11000100
00101000
01010000
10000000

00011001
00101100
01010100
10100010
11000010
01100000
00011000
10000000

00011001
00101010
01010100
10101000
11010000
00100010
01000100
10000000

00011001
00100110
01010100
10101000
10010010
01100000
01001000
10000000

00011001
00101010
01010100
10100100
11000010
00110000
01001000
10000000

00011001
00110010
01010100
11100000
10000110
00101000
01001000
10000000

00011010
00011100
00011010
11100000
11100000
01000001
10100000
00000100

00011010
00101100
01010010
10101000
11010000
01000001
10100000
00000100

00011010
00101100
01011000
10100010
11100000
01000001
10010000
00000100

00011001
00011010
00011100
11100000
11100000
00100000
01000000
10000000

00011001
00101010
01010100
10101000
11010000
00100000
01000000
10000000

00000111
00111000
01001001
01000110
01100000
10010000
10010000
10100000

00000111
00110001
01001010
01001100
00110000
10010000
10100000
11000000

00000111
00111000
01010001
01100100
01000010
10010000
10001000
10100000

00010011
00011100
00010011
11100000
01000100
01001000
10100000
10100000

00010011
00101100
01000011
10001100
01010000
01010000
10100000
10100000

00010011
00110100
01000011
11001000
00010100
01001000
10100000
10100000

00010011
00011100
00011010
11100000
01100000
01000001
10100000
10000100

00010011
00101100
01010010
10100100
01000001
01010000
10100000
10001000

00010011
00101001
01010010
10100100
01000100
00011000
10100000
11000000

00010011
00111000
01010010
11100000
01000100
00001001
10100000
10000100

00010011
00101100
01010010
10100001
01000100
01001000
10100000
10010000

00010011
00110100
01001010
11000001
00100100
01001000
10100000
10010000

00010011
00100101
01001010
10001100
00110000
01010000
10100000
11000000

00010011
00101100
01001010
10000101
01100000
01010000
10100000
10010000

00010011
00110100
01001010
11000100
00100001
01010000
10100000
10001000

00010011
00110100
01011000
11100000
00100100
01001000
10000001
10000010

00010011
00101100
01011000
10100001
01100000
01000010
10000100
10010000

00010011
00110100
01011000
11100000
00100001
01000010
10000100
10001000

00110001
00110001
11000010
11000100
00000110
00011000
00101000
11000000

00110001
00111000
11000010
11000100
01000010
00010001
00101000
10000100

00110001
00111000
11000010
11000001
01000100
00001010
00100100
10010000

00110001
00111000
11000010
11000100
01000001
00010010
00100100
10001000

00010011
00011100
00011100
11100000
01100000
01100000
10000000
10000000

00010011
00101100
01011000
10100100
01100000
01010000
10000000
10000000

00010011
00110100
01011000
11100000
00100100
01001000
10000000
10000000

00001101
00110010
01010100
01101000
10010000
10100000
01000000
10000000

00010101
00111000
01000110
11001000
01010000
10100000
00100000
10000000

00010101
00011010
00011100
11100000
01100000
10100000
01000000
10000000

00010101
00101010
01010100
10101000
01010000
10100000
01000000
10000000

00010101
00111000
01010100
11100000
01000010
10100000
00001000
10000000

00010101
00110010
01001100
11001000
00110000
10100000
01000000
10000000

00010101
00111000
01001100
11000010
01100000
10100000
00010000
10000000

00010101
00111000
01010010
11100000
01000100
10001000
00100000
10000000

00010101
00111000
01001010
11000100
01100000
10010000
00100000
10000000

00110001
00110010
11000100
11001000
00010100
00101000
01000000
10000000

00110001
00111000
11000100
11000100
01000010
00110000
00001000
10000000

00110001
00111000
11000100
11000010
01000100
00101000
00010000
10000000

00110001
00111000
11000100
11001000
01010000
00100010
00000100
10000000

00110001
00101100
11010000
10101000
01010000
01000010
00000100
10000000

00110001
00101100
11010000
10100010
01000100
01001000
00010000
10000000

00110001
00101100
11000010
10001100
01010000
01010000
00100000
10000000

00010011
00110100
01011000
11100000
00100000
01000000
10000000
10000000

00110001
00111000
11000010
11000100
01000000
00010000
00100000
10000000

00000111
00111000
01000110
01001000
01010000
10100000
10100000
10000000

00000111
00011010
00011100
01100000
01100000
10100000
11000000
10000000

00000111
00101010
01010100
00101000
01010000
10100000
11000000
10000000

00000111
00111000
01010100
01100000
01000010
10100000
10001000
10000000

00100011
00110010
11000100
01001000
00010100
00101000
11000000
10000000

00100011
00011010
10001100
01000100
01100000
00110000
11000000
10000000

00100011
00111000
11000100
01000100
01000010
00110000
10001000
10000000

00100011
00111000
11000100
01001000
01010000
00100010
10000100
10000000

00100011
00111000
11000010
01000100
01000100
00011000
10100000
10000000

00100011
00111000
11001000
01000100
01100000
00010010
10000100
10000000

00100011
00011100
10011000
01100000
01100000
01000010
10000100
10000000

00100011
00011100
10010010
01100000
01000100
01001000
10100000
10000000

01100001
10000110
10001010
00001100
00110000
01010000
01100000
10000000

01100001
10000110
10011000
00100010
00100100
01001000
01010000
10000000

01100001
10100010
11001000
00000110
00100100
00011000
01010000
10000000

01100001
10010010
10001100
01000010
00100100
00101000
01010000
10000000

00001110
00110010
01001100
01000001
10100000
10100000
11000000
00010000

00001110
00110100
01011000
01100000
10100000
11000000
10000001
00000010

00100110
00100110
11001000
00001001
00110000
11000000
11000000
00010000

00100110
00110100
11001000
01001000
00110000
11000000
10000001
00000010

00100110
00110100
11001000
01000010
00100001
11000000
10010000
00001000

00100110
00110100
11000010
01001000
00010001
11000000
10100000
00001000

00100110
00111000
11000010
01000001
01000100
10001000
10100000
00010000

00100110
00111000
11001000
01000001
01100000
10000010
10000100
00010000

01100010
10101000
11010000
00101000
01010000
00000011
10000100
00000100

01100010
10101000
11010000
00100100
01000001
00010010
10000100
00001000

00001011
00110100
01011000
01100000
10100000
01000000
10000000
10000000

00100011
00110100
11001000
01001000
00110000
01000000
10000000
10000000

00100011
00011100
10011000
01100000
01100000
01000000
10000000
10000000

00100011
00111000
11000100
01001000
01010000
00100000
10000000
10000000

00100011
00111000
11001000
01000100
01100000
00010000
10000000
10000000

00011001
00101010
01010100
10100000
11000000
00100000
01000000
10000000

00101001
00101100
11010000
00100010
11000000
01000000
00010000
10000000

00101001
00111000
11000010
01000100
11000000
00010000
00100000
10000000

00101001
00110100
11000010
01001000
10010000
01000000
00100000
10000000

00101001
00110100
11001000
01000010
10100000
01000000
00010000
10000000

01100001
10101000
11010000
00100010
01000100
00001000
00010000
10000000

01100001
10100010
11010000
00101000
00010100
00001000
01000000
10000000

00100011
00111000
11000100
01000000
01000000
00100000
10000000
10000000

00000111
00100110
01001000
00001001
00110000
11000000
11000000
10010000

00000111
00110100
01001000
01001000
00110000
11000000
10000001
10000010

00000111
00110100
01001000
01000001
00100010
11000000
10001000
10010000

00000111
00111000
01000001
01000010
01000100
10001000
10010000
10100000

00000111
00111000
01000001
01001000
01010000
10000010
10000100
10100000

01000011
10011000
00011000
01100000
01100000
00000011
10000100
10000100

01000011
10001100
00011000
00100001
01100000
01000010
10000100
10010000

01000011
10010001
00001100
01001000
00110000
00100010
10000100
11000000

01000011
10110000
01000100
01001000
00010001
00100010
10000100
10001000

01000011
10011000
00000101
01001000
01010000
00100010
10000100
10100000

00000111
00110100
01001000
01001000
00110000
11000000
10000000
10000000

00000111
00111000
01000100
01001000
01010000
10100000
10000000
10000000

01000011
10001100
00010100
00101000
01010000
01100000
10000000
10000000

00001101
00101100
01010000
00100010
11000000
11000000
00010000
10000000

00001101
00101010
01010000
00100100
11000000
10010000
01000000
10000000

00001101
00111000
01000010
01000100
11000000
10010000
00100000
10000000

00001101
00111000
01010000
01100000
11000000
10000010
00000100
10000000

00001101
00110010
01000100
01001000
10010000
10100000
01000000
10000000

01000101
10110000
01010000
01100000
00000110
10001000
00001000
10000000

01000101
10011000
00010010
01100000
01000100
10001000
00100000
10000000

01000101
10010010
00011000
01100000
00100100
10001000
01000000
10000000

01000101
10110000
01001000
01000010
00100100
10001000
00010000
10000000

01000101
10010100
00011000
01100000
00100010
11000000
00001000
10000000

01000101
10011000
00011000
01100000
01100000
10000010
00000100
10000000

00011100
00111000
01000001
11000000
11000000
10000010
00000100
00100000

01001100
10100100
01000001
00001010
10010000
11000000
00010000
00100000

01001100
10110000
01000010
01001000
10010000
10000001
00100000
00000100

01001100
10110000
01000001
01000010
10000100
10001000
00010000
00100000

00010011
00111000
01000100
11000000
01000000
00100000
10000000
10000000

00010011
00101100
01010000
10100000
01000000
01000000
10000000
10000000

01000011
10110000
01000100
01001000
00010000
00100000
10000000
10000000

01000011
10100100
01010000
00101000
00010000
01000000
10000000
10000000

01010001
10100010
01001000
10000100
00100000
00010000
01000000
10000000

00000111
00011000
00010010
01100000
01000100
10001000
10100000
10000000

00001110
00100001
01000010
00001100
10010000
10010000
10100000
01000000

00001110
00100010
01000100
00001001
10010000
10100000
11000000
00010000

00001110
00110000
01000100
01001000
10010000
10100000
10000001
00000010

00001110
00110000
01000001
01001000
10010000
10000010
10000100
00100000

00001011
00110000
01000100
01001000
10010000
00100000
10000000
10000000

00011001
00001010
00010100
10100000
11000000
00100000
01000000
10000000

00011001
00100010
01010000
10100000
10000100
00001000
01000000
10000000

00111000
00100100
11000000
10000001
10000010
01000000
00001000
00010000

00000011
00001100
00011000
00100001
01100000
01000010
10000100
10010000

00000101
00011000
00010010
01100000
01000100
10001000
00100000
10000000

